$ 1 0.000005 14.235633750745258 50 5 50
R 3712 -112 3712 -160 0 0 40 12 0 0 0.5
r 3712 -112 3712 -64 0 10
w 3680 -64 3712 -64 0
w 3712 -64 3744 -64 0
t 3584 16 3616 16 0 -1 -0.6360301569524971 -0.6539584086968286 100
t 3840 16 3808 16 0 -1 0.17374753913657415 -0.14760418971641975 100
c 3680 32 3680 96 0 0.001 11.420576573160231
c 3744 32 3744 96 0 0.001 11.724000050268893
w 3616 0 3680 0 0
w 3680 0 3680 32 0
w 3808 0 3744 0 0
w 3744 0 3744 32 0
g 3680 96 3680 128 0
g 3744 96 3744 128 0
w 3616 32 3616 160 0
w 3616 160 3808 160 2
w 3808 32 3808 160 0
I 3392 -96 3456 -96 0 0.5 5
t 3488 64 3536 64 0 1 0.6120297916577216 0.6513874025527727 100
w 3536 16 3536 48 0
g 3536 112 3536 144 0
w 3392 -96 3392 64 1
r 3392 64 3488 64 0 2200
r 3584 16 3536 16 0 2200
w 3536 80 3536 112 1
t 3936 80 3888 80 0 1 -11.57639586013247 2.200000001758377e-10 100
r 3840 16 3888 16 0 1000
w 3888 16 3888 64 0
w 3888 96 3888 112 1
g 3888 112 3888 144 0
r 3936 80 3968 80 0 2200
w 3968 80 3968 -208 0
w 3968 -208 3456 -208 0
w 3456 -208 3456 -96 0
d 3680 -64 3680 0 2 default
d 3744 -64 3744 0 2 default
L 3392 -96 3344 -96 0 1 false 5 0
l 3616 208 3616 272 0 0.01 1.9999940421169017e-13
d 3600 272 3600 208 2 default
w 3600 208 3616 208 0
w 3600 272 3616 272 0
w 3616 208 3616 160 2
t 3568 320 3616 320 0 1 -11.402648321315949 9.999999999631617e-11 100
w 3616 272 3616 304 0
w 3616 336 3616 368 0
g 3616 368 3616 400 0
r 3568 320 3504 320 0 1000
L 3504 320 3456 320 0 0 true 5 0
l 3808 208 3808 272 0 0.01 1.9999992004485692e-13
d 3792 272 3792 208 2 default
w 3792 208 3808 208 0
w 3792 272 3808 272 0
w 3808 208 3808 160 0
t 3776 320 3808 320 0 1 -11.402648321315938 9.999999999631613e-11 100
r 3776 320 3744 320 0 1000
L 3744 320 3712 320 0 0 true 5 0
w 3808 272 3808 304 0
w 3808 336 3808 368 0
g 3808 368 3808 400 0
o 37 64 0 4099 0.0000762939453125 0.00009765625 0 2 37 3
o 48 64 0 4099 0.0000762939453125 0.00009765625 0 2 48 3
o 6 64 0 4099 20 0.00009765625 1 2 6 3
o 7 64 0 4099 20 0.00009765625 1 2 7 3
