$ 1 0.000005 0.23988752939670982 40 5 50
165 496 336 528 336 6 11.999999880000003
v 256 480 256 272 0 0 40 12 0 0 0.5
g 256 560 256 624 0
r 384 336 384 240 0 1500
r 384 384 384 464 0 100
c 384 544 384 608 0 1.0000000000000001e-7 7.090897154268609
w 256 272 256 192 0
w 256 192 384 192 0
w 384 192 384 240 0
w 256 560 256 480 0
w 384 336 384 384 0
w 384 464 384 544 0
w 384 608 304 608 0
w 304 608 304 512 0
w 496 432 464 432 0
w 464 432 464 464 0
w 496 464 464 464 0
w 464 464 384 464 0
w 304 512 304 480 0
w 304 480 256 480 0
w 496 368 384 384 0
w 592 496 592 608 0
w 384 608 592 608 0
w 560 304 560 192 0
w 560 192 384 192 0
w 624 368 656 368 0
w 656 368 656 192 0
w 656 192 560 192 0
p 384 464 304 480 1 0
a 816 400 944 400 8 12 0 1000000 4.319062499966719 7.090897154268609 100000
r 752 240 752 336 0 100000
r 752 480 752 592 0 56000
174 752 352 752 400 1 100000 0.6386000000000001 Resistance
w 752 240 752 192 0
w 752 192 656 192 0
w 752 336 752 352 0
w 752 416 752 480 0
w 752 592 752 608 0
w 752 608 592 608 0
w 768 384 816 384 0
w 816 416 528 560 0
w 528 560 384 544 0
p 944 400 944 608 1 0
w 944 608 752 608 0
151 1024 384 1104 384 0 2 0 12
151 1168 384 1248 384 0 2 12 12
w 1024 368 944 400 0
r 1024 368 1024 192 0 2200
w 1024 192 752 192 0
w 1168 368 1104 384 0
w 1168 400 1104 384 0
t 1280 512 1328 512 0 1 0.7175325141229318 0.7371393032931177 250
t 1392 272 1440 272 0 -1 -0.6580512509458813 -0.7489610099386255 250
w 1024 400 752 192 0
r 1328 496 1392 272 0 750
r 1392 272 1392 192 0 330
w 1392 192 1024 192 0
w 1328 528 1328 608 0
w 1328 608 944 608 0
r 1248 384 1280 512 0 100
w 1440 256 1440 192 0
w 1440 192 1392 192 0
181 1440 368 1440 448 0 2181.28937098458 4 12 0.001 0.001
s 1520 368 1520 448 0 1 true
w 1440 368 1520 368 0
w 1440 448 1520 448 0
w 1440 368 1440 288 1
r 1440 448 1440 608 0 1
w 1440 608 1328 608 0
w 1648 192 1440 192 0
w 560 496 480 512 0
t 1584 496 1632 496 0 1 -4.322957150396959 0.17700764519003712 100
r 1632 480 1648 192 0 1000000
w 1440 608 1632 608 0
w 1632 608 1632 512 1
r 1520 448 1584 496 0 200
w 1632 480 1696 480 2
w 1696 608 1632 608 0
r 1696 480 1696 608 0 600000
r 1392 496 1392 560 0 1
w 1392 496 1440 448 0
w 1392 560 1440 608 0
o 28 1 0 4110 10 0.1 0 1
o 42 1 0 4102 20 0.1 0 1
o 52 1 6 4098 20 0.1 1 1
o 67 1 0 4099 1.25 0.4 2 2 67 3
